mu,P
1419.0,0.24698888888889153
1419.0009765625,0.2714590277777563
1419.001953125,0.18584166666665955
1419.0029296875,0.18858981481483425
1419.00390625,0.17857546296294033
1419.0048828125,0.1794509259259208
1419.005859375,0.17695856481484012
1419.0068359375,0.17747037037037472
1419.0078125,0.17493541666665002
1419.0087890625,0.17520717592593524
1419.009765625,0.17582731481481337
1419.0107421875,0.175578703703753
1419.01171875,0.17004675925924806
1419.0126953125,0.16749699074074606
1419.013671875,0.16057476851850946
1419.0146484375,0.16235740740739665
1419.015625,0.15830439814813457
1419.0166015625,0.15946319444444348
1419.017578125,0.15900347222223118
1419.0185546875,0.15596458333330743
1419.01953125,0.15604236111109138
1419.0205078125,0.1597638888888958
1419.021484375,0.1625249999999958
1419.0224609375,0.15497060185183192
1419.0234375,0.15620902777775786
1419.0244140625,0.15886527777777437
1419.025390625,0.1549666666666235
1419.0263671875,0.15141759259257379
1419.02734375,0.1488321759259022
1419.0283203125,0.14416874999998527
1419.029296875,0.14502268518518782
1419.0302734375,0.1367608796296234
1419.03125,0.13522337962959338
1419.0322265625,0.1323252314814661
1419.033203125,0.13371435185183742
1419.0341796875,0.12370879629626062
1419.03515625,0.13260277777780657
1419.0361328125,0.12809791666665504
1419.037109375,0.13148425925923712
1419.0380859375,0.1261349537037159
1419.0390625,0.13239027777779264
1419.0400390625,0.12663194444442305
1419.041015625,0.12575277777777347
1419.0419921875,0.12221134259260581
1419.04296875,0.12005231481481006
1419.0439453125,0.11412893518518431
1419.044921875,0.1131671296296229
1419.0458984375,0.1074960648147909
1419.046875,0.1024664351851736
1419.0478515625,0.0982837962963185
1419.048828125,0.10202476851854081
1419.0498046875,0.10117916666667356
1419.05078125,0.09866782407410497
1419.0517578125,0.09569328703705214
1419.052734375,0.09727685185186014
1419.0537109375,0.09455949074075172
1419.0546875,0.09044328703702745
1419.0556640625,0.08806111111113117
1419.056640625,0.08601134259263567
1419.0576171875,0.07948055555556074
1419.05859375,0.08208101851851642
1419.0595703125,0.07825879629627885
1419.060546875,0.06861458333333685
1419.0615234375,0.06761203703704965
1419.0625,0.06695833333333599
1419.0634765625,0.06325972222223511
1419.064453125,0.06115115740739724
1419.0654296875,0.05765069444445816
1419.06640625,0.05994675925924605
1419.0673828125,0.056813888888905144
1419.068359375,0.0570590277777418
1419.0693359375,0.053439814814825806
1419.0703125,0.0489127314814723
1419.0712890625,0.04678333333334371
1419.072265625,0.045702546296293195
1419.0732421875,0.036594212962958145
1419.07421875,0.034737037037052075
1419.0751953125,0.03488379629628372
1419.076171875,0.0299824074074173
1419.0771484375,0.02458958333332263
1419.078125,0.022997916666676468
1419.0791015625,0.017942129629616443
1419.080078125,0.018328935185192075
1419.0810546875,0.016610185185179135
1419.08203125,0.01640439814814817
1419.0830078125,0.008901620370364974
1419.083984375,0.010325231481491306
1419.0849609375,0.009622916666659773
1419.0859375,0.00025324074072992456
1419.0869140625,0.0019516203703594328
1419.087890625,-0.000921759259258639
1419.0888671875,-0.001917129629611252
1419.08984375,-0.007854861111111968
1419.0908203125,-0.01684861111108163
1419.091796875,-0.015437500000033487
1419.0927734375,-0.019425694444444603
1419.09375,-0.01931967592592926
1419.0947265625,-0.0248120370370413
1419.095703125,-0.025509953703725156
1419.0966796875,-0.028115740740763916
1419.09765625,-0.03228750000000516
1419.0986328125,-0.033812731481446756
1419.099609375,-0.032652314814824134
1419.1005859375,-0.035867824074095535
1419.1015625,-0.03601874999998592
1419.1025390625,-0.043606018518528696
1419.103515625,-0.0449851851852018
1419.1044921875,-0.04844513888888799
1419.10546875,-0.051979861111127845
1419.1064453125,-0.053481481481481644
1419.107421875,-0.05762615740740514
1419.1083984375,-0.06080347222222863
1419.109375,-0.06173657407408935
1419.1103515625,-0.0691532407407547
1419.111328125,-0.06770925925925332
1419.1123046875,-0.06710763888890808
1419.11328125,-0.0710041666666736
1419.1142578125,-0.07241527777774957
1419.115234375,-0.07409166666664248
1419.1162109375,-0.07829444444444791
1419.1171875,-0.07789560185184709
1419.1181640625,-0.07648912037039476
1419.119140625,-0.0829907407407337
1419.1201171875,-0.08519120370372507
1419.12109375,-0.08905115740738836
1419.1220703125,-0.09243194444443878
1419.123046875,-0.09329953703703817
1419.1240234375,-0.09836805555555685
1419.125,-0.09908148148149216
1419.1259765625,-0.10172893518518125
1419.126953125,-0.10636342592597203
1419.1279296875,-0.10493680555555882
1419.12890625,-0.1057391203703899
1419.1298828125,-0.10693703703702509
1419.130859375,-0.1048831018518784
1419.1318359375,-0.11328680555557694
1419.1328125,-0.11255046296294945
1419.1337890625,-0.11249189814813931
1419.134765625,-0.11770254629632004
1419.1357421875,-0.11865462962961369
1419.13671875,-0.11706620370372212
1419.1376953125,-0.12302037037036363
1419.138671875,-0.12284027777776876
1419.1396484375,-0.12368124999999522
1419.140625,-0.1276368055555628
1419.1416015625,-0.13164930555556142
1419.142578125,-0.13060347222224092
1419.1435546875,-0.1314611111111439
1419.14453125,-0.13100185185184834
1419.1455078125,-0.1304312500000096
1419.146484375,-0.1323474537037108
1419.1474609375,-0.13354537037035577
1419.1484375,-0.13586435185182058
1419.1494140625,-0.13843773148147498
1419.150390625,-0.14213819444447393
1419.1513671875,-0.1422078703703695
1419.15234375,-0.14151296296291696
1419.1533203125,-0.14245810185181373
1419.154296875,-0.14685694444444986
1419.1552734375,-0.14827222222221084
1419.15625,-0.1506118055555326
1419.1572265625,-0.14932106481481391
1419.158203125,-0.14910833333333778
1419.1591796875,-0.15193472222225607
1419.16015625,-0.15143981481478472
1419.1611328125,-0.15515439814815285
1419.162109375,-0.15276412037038317
1419.1630859375,-0.15361967592593243
1419.1640625,-0.1541013888888849
1419.1650390625,-0.1555858796296085
1419.166015625,-0.15938379629629948
1419.1669921875,-0.15904537037035468
1419.16796875,-0.1607793981481175
1419.1689453125,-0.16277407407409675
1419.169921875,-0.16200462962964302
1419.1708984375,-0.16576249999999526
1419.171875,-0.1631942129629473
1419.1728515625,-0.16433009259258696
1419.173828125,-0.16973032407405314
1419.1748046875,-0.1666916666666574
1419.17578125,-0.16918310185185653
1419.1767578125,-0.1666372685185175
1419.177734375,-0.166932175925916
1419.1787109375,-0.17024861111111833
1419.1796875,-0.16641504629628373
1419.1806640625,-0.17283009259262566
1419.181640625,-0.17465509259260736
1419.1826171875,-0.1760756944444493
1419.18359375,-0.17458449074073354
1419.1845703125,-0.17427476851853002
1419.185546875,-0.17650138888889594
1419.1865234375,-0.17510115740741541
1419.1875,-0.17799652777781286
1419.1884765625,-0.17443981481479667
1419.189453125,-0.17697384259259724
1419.1904296875,-0.17664583333331751
1419.19140625,-0.1748409722222307
1419.1923828125,-0.17720416666668076
1419.193359375,-0.1777747685185192
1419.1943359375,-0.17956967592592246
1419.1953125,-0.1815384259258969
1419.1962890625,-0.18225416666669617
1419.197265625,-0.18315856481481443
1419.1982421875,-0.18435254629629808
1419.19921875,-0.18340347222218933
1419.2001953125,-0.18536180555555634
1419.201171875,-0.18961273148149382
1419.2021484375,-0.18996458333334085
1419.203125,-0.19105601851853954
1419.2041015625,-0.19175486111112364
1419.205078125,-0.1885930555555719
1419.2060546875,-0.1913372685184984
1419.20703125,-0.1880263888889041
1419.2080078125,-0.19280046296298178
1419.208984375,-0.1848870370370155
1419.2099609375,-0.18802638888886325
1419.2109375,-0.19272291666667393
1419.2119140625,-0.19262384259260223
1419.212890625,-0.19425694444444058
1419.2138671875,-0.1965740740740904
1419.21484375,-0.19851319444442256
1419.2158203125,-0.20113749999998543
1419.216796875,-0.20025370370368903
1419.2177734375,-0.19685509259258288
1419.21875,-0.19962222222219952
1419.2197265625,-0.1990317129629844
1419.220703125,-0.1994268518518313
1419.2216796875,-0.19697060185182735
1419.22265625,-0.19932268518517576
1419.2236328125,-0.2009662037036921
1419.224609375,-0.20121365740742847
1419.2255859375,-0.19841018518517764
1419.2265625,-0.19691157407405102
1419.2275390625,-0.19886226851852987
1419.228515625,-0.20156041666666186
1419.2294921875,-0.20259328703707907
1419.23046875,-0.20468217592595658
1419.2314453125,-0.19932824074072558
1419.232421875,-0.20253796296293894
1419.2333984375,-0.20002754629628974
1419.234375,-0.205193749999972
1419.2353515625,-0.19921111111111153
1419.236328125,-0.20326851851854422
1419.2373046875,-0.19928680555554282
1419.23828125,-0.20269675925927533
1419.2392578125,-0.19870416666666407
1419.240234375,-0.201984259259273
1419.2412109375,-0.20295509259259584
1419.2421875,-0.20344652777777333
1419.2431640625,-0.2008789351851958
1419.244140625,-0.20567268518519188
1419.2451171875,-0.2019275462963072
1419.24609375,-0.2022067129629529
1419.2470703125,-0.20130023148148904
1419.248046875,-0.19863425925925976
1419.2490234375,-0.19340185185185013
1419.25,0.1954259259259149
1419.2509765625,-0.1922192129629745
1419.251953125,-0.19841111111111984
1419.2529296875,-0.19802361111108996
1419.25390625,-0.19599236111112817
1419.2548828125,-0.20030578703700136
1419.255859375,-0.20261041666666427
1419.2568359375,-0.20448680555556714
1419.2578125,-0.2057680555555534
1419.2587890625,-0.2076395833333444
1419.259765625,-0.20964444444445055
1419.2607421875,-0.2089398148148312
1419.26171875,-0.2081254629629598
1419.2626953125,-0.2081456018518543
1419.263671875,-0.21151782407407285
1419.2646484375,-0.20736712962964002
1419.265625,-0.20841805555557172
1419.2666015625,-0.20881064814813335
1419.267578125,-0.20597106481482183
1419.2685546875,-0.20668819444444858
1419.26953125,-0.20666365740742249
1419.2705078125,-0.2081208333332922
1419.271484375,-0.21003009259263072
1419.2724609375,-0.2065497685185231
1419.2734375,-0.2095956018518992
1419.2744140625,-0.20875810185186067
1419.275390625,-0.21062037037038608
1419.2763671875,-0.20750486111110789
1419.27734375,-0.2096500000000144
1419.2783203125,-0.21369907407407623
1419.279296875,-0.21033865740739313
1419.2802734375,-0.20509814814814034
1419.28125,-0.2104101851852038
1419.2822265625,-0.21059722222224625
1419.283203125,-0.2035611111110832
1419.2841796875,-0.20727268518519212
1419.28515625,-0.20859305555556468
1419.2861328125,-0.20954675925927851
1419.287109375,-0.2095828703704152
1419.2880859375,-0.21609328703703998
1419.2890625,-0.2105925925925738
1419.2900390625,-0.21280740740740878
1419.291015625,-0.2180129629629561
1419.2919921875,-0.21737129629632002
1419.29296875,-0.21603888888888947
1419.2939453125,-0.2153916666666701
1419.294921875,-0.2174236111110964
1419.2958984375,-0.21126712962963135
1419.296875,-0.21027638888890873
1419.2978515625,-0.2156659722222033
1419.298828125,-0.21288935185186036
1419.2998046875,-0.2093349537036999
1419.30078125,-0.2119333333333156
1419.3017578125,-0.21302754629631415
1419.302734375,-0.2151194444444471
1419.3037109375,-0.2140641203704014
1419.3046875,-0.21638912037037872
1419.3056640625,-0.21570370370370265
1419.306640625,-0.2156516203703698
1419.3076171875,-0.2228932870370497
1419.30859375,-0.21802175925926776
1419.3095703125,-0.21995370370370965
1419.310546875,-0.21874444444444
1419.3115234375,-0.21505694444443837
1419.3125,-0.21490972222222596
1419.3134765625,-0.21837037037037485
1419.314453125,-0.21432245370368858
1419.3154296875,-0.21381898148146486
1419.31640625,-0.2136351851851817
1419.3173828125,-0.21724375000002238
1419.318359375,-0.215413194444446
1419.3193359375,-0.22110578703702244
1419.3203125,-0.21748194444446187
1419.3212890625,-0.21848865740739135
1419.322265625,-0.2176062499999829
1419.3232421875,-0.2149650462962786
1419.32421875,-0.2156432870370089
1419.3251953125,-0.21401805555555037
1419.326171875,-0.2178099537037008
1419.3271484375,-0.21304999999998794
1419.328125,-0.211050462962942
1419.3291015625,-0.2136953703703421
1419.330078125,-0.21233842592594035
1419.3310546875,-0.2158645833333317
1419.33203125,-0.2138972222222151
1419.3330078125,-0.2141560185185099
1419.333984375,-0.2134916666666818
1419.3349609375,-0.21301990740743101
1419.3359375,-0.2169064814814698
1419.3369140625,-0.2190759259259135
1419.337890625,-0.21471412037035395
1419.3388671875,-0.21566828703704408
1419.33984375,-0.21301597222220703
1419.3408203125,-0.21527013888890448
1419.341796875,-0.21322824074074845
1419.3427734375,-0.21017847222221314
1419.34375,-0.21033611111111356
1419.3447265625,-0.20978194444444292
1419.345703125,-0.21147731481480497
1419.3466796875,-0.21148726851850472
1419.34765625,-0.2128620370370028
1419.3486328125,-0.21414490740742723
1419.349609375,-0.21549976851851735
1419.3505859375,-0.21533634259256237
1419.3515625,-0.21844305555554785
1419.3525390625,-0.21737060185184298
1419.353515625,-0.2143312499999986
1419.3544921875,-0.21649166666662842
1419.35546875,-0.21524212962964961
1419.3564453125,-0.21590185185185726
1419.357421875,-0.21189050925927472
1419.3583984375,-0.21097129629633057
1419.359375,-0.20786921296294622
1419.3603515625,-0.216317129629617
1419.361328125,-0.21126180555553262
1419.3623046875,-0.21187777777777517
1419.36328125,-0.20979398148147368
1419.3642578125,-0.21572939814813324
1419.365234375,-0.21272824074073088
1419.3662109375,-0.21576828703702455
1419.3671875,-0.21064282407414048
1419.3681640625,-0.210064814814788
1419.369140625,-0.2103291666666379
1419.3701171875,-0.2111837962963148
1419.37109375,-0.21205995370371788
1419.3720703125,-0.20785231481482067
1419.373046875,-0.20684120370367837
1419.3740234375,-0.20771435185186904
1419.375,-0.20757638888886332
1419.3759765625,-0.20630532407407667
1419.376953125,-0.2096958333333259
1419.3779296875,-0.20994166666665243
1419.37890625,-0.2107564814815088
1419.3798828125,-0.2089064814814519
1419.380859375,-0.2119289351851752
1419.3818359375,-0.21488449074075835
1419.3828125,-0.21407222222224276
1419.3837890625,-0.21140231481479266
1419.384765625,-0.21100949074072398
1419.3857421875,-0.2113988425926511
1419.38671875,-0.21164282407408277
1419.3876953125,-0.20979745370370775
1419.388671875,-0.21070902777779138
1419.3896484375,-0.21123865740740985
1419.390625,-0.21048171296300586
1419.3916015625,-0.2122335648148148
1419.392578125,-0.21230694444445172
1419.3935546875,-0.2106752314814793
1419.39453125,-0.2111831018518607
1419.3955078125,-0.20997175925926126
1419.396484375,-0.2130087962963074
1419.3974609375,-0.21429374999996975
1419.3984375,-0.2100842592592873
1419.3994140625,-0.2076710648148074
1419.400390625,-0.20666365740739792
1419.4013671875,-0.2034224537036978
1419.40234375,-0.20509953703706782
1419.4033203125,-0.20453935185182703
1419.404296875,-0.20757430555554165
1419.4052734375,-0.20718287037035807
1419.40625,-0.20244907407408871
1419.4072265625,-0.20324236111111596
1419.408203125,-0.20658958333331914
1419.4091796875,-0.20679282407408203
1419.41015625,-0.20529583333331958
1419.4111328125,-0.2073201388888888
1419.412109375,-0.20387268518520962
1419.4130859375,-0.20839745370368065
1419.4140625,-0.20133796296297804
1419.4150390625,-0.20528935185183259
1419.416015625,-0.20366180555556954
1419.4169921875,-0.20261342592595738
1419.41796875,-0.2004280092592462
1419.4189453125,-0.19635625000000922
1419.419921875,-0.19798703703707407
1419.4208984375,-0.20052245370370428
1419.421875,-0.19945671296294726
1419.4228515625,-0.19793865740744898
1419.423828125,-0.20223379629626118
1419.4248046875,-0.1991145833333112
1419.42578125,-0.2044249999999848
1419.4267578125,-0.202956712962979
1419.427734375,-0.2008039351851853
1419.4287109375,-0.20125393518520182
1419.4296875,-0.19899814814812763
1419.4306640625,-0.19722546296299742
1419.431640625,-0.1938222222222344
1419.4326171875,-0.19311458333332374
1419.43359375,-0.1955784722221956
1419.4345703125,-0.19073634259263955
1419.435546875,-0.19443101851852154
1419.4365234375,-0.19077013888887437
1419.4375,-0.1971351851851887
1419.4384765625,-0.19027476851853373
1419.439453125,-0.1924650462962985
1419.4404296875,-0.19362870370369833
1419.44140625,-0.19737662037037795
1419.4423828125,-0.19501550925926736
1419.443359375,-0.1965319444444512
1419.4443359375,-0.1973576388888974
1419.4453125,-0.19126643518519668
1419.4462890625,-0.1919377314814703
1419.447265625,-0.188706481481495
1419.4482421875,-0.1873812500000012
1419.44921875,-0.18682199074075878
1419.4501953125,-0.1867636574074091
1419.451171875,-0.18520185185183358
1419.4521484375,-0.18886226851849702
1419.453125,-0.18939189814813023
1419.4541015625,-0.1860108796296338
1419.455078125,-0.1882777777777552
1419.4560546875,-0.1848222222221937
1419.45703125,-0.18841666666667364
1419.4580078125,-0.18973379629631376
1419.458984375,-0.1807386574074279
1419.4599609375,-0.1806912037037093
1419.4609375,-0.17767268518519005
1419.4619140625,-0.18119259259257714
1419.462890625,-0.17707870370370898
1419.4638671875,-0.17675972222224082
1419.46484375,-0.17785254629630817
1419.4658203125,-0.17744166666666408
1419.466796875,-0.17852569444442498
1419.4677734375,-0.17847013888885535
1419.46875,-0.1845307870370523
1419.4697265625,-0.1803453703703773
1419.470703125,-0.17861736111112939
1419.4716796875,-0.18057152777778104
1419.47265625,-0.18176712962961897
1419.4736328125,-0.18190995370367377
1419.474609375,-0.1788152777778073
1419.4755859375,-0.18099259259259878
1419.4765625,-0.17824837962962203
1419.4775390625,-0.17498611111110043
1419.478515625,-0.17650532407409408
1419.4794921875,-0.17691319444445133
1419.48046875,-0.1751131944444156
1419.4814453125,-0.17914305555554605
1419.482421875,-0.17326504629631434
1419.4833984375,-0.1783127314814536
1419.484375,-0.17786111111112643
1419.4853515625,-0.17745810185186903
1419.486328125,-0.1790530092592558
1419.4873046875,-0.17581874999999153
1419.48828125,-0.16814791666668066
1419.4892578125,-0.17238078703707604
1419.490234375,-0.1717064814814913
1419.4912109375,-0.17107407407407751
1419.4921875,-0.16908495370370094
1419.4931640625,-0.1658979166666529
1419.494140625,-0.16451041666667054
1419.4951171875,-0.16950625000000202
1419.49609375,-0.16716157407409357
1419.4970703125,-0.1629446759259348
1419.498046875,-0.16804537037036962
1419.4990234375,-0.1643513888888685
1419.5,-0.16634768518520665
1419.5009765625,-0.16665810185186938
1419.501953125,-0.17005023148148776
1419.5029296875,-0.16842245370370343
1419.50390625,-0.16002337962965935
1419.5048828125,-0.16274560185184866
1419.505859375,-0.16465555555555822
1419.5068359375,-0.16161273148149397
1419.5078125,-0.15899074074075237
1419.5087890625,-0.16195740740739967
1419.509765625,-0.1574932870370468
1419.5107421875,-0.16083541666667098
1419.51171875,-0.15997175925928608
1419.5126953125,-0.16236041666666443
1419.513671875,-0.16016388888893537
1419.5146484375,-0.16027268518517374
1419.515625,-0.1582300925926225
1419.5166015625,-0.16133287037036678
1419.517578125,-0.1630592592592525
1419.5185546875,-0.16017847222220388
1419.51953125,-0.15729884259260096
1419.5205078125,-0.15455347222222446
1419.521484375,-0.1520391203703576
1419.5224609375,-0.15525532407406176
1419.5234375,-0.1497694444444366
1419.5244140625,-0.14941087962964383
1419.525390625,-0.15125069444444544
1419.5263671875,-0.1524391203703885
1419.52734375,-0.15015324074075237
1419.5283203125,-0.1566199074074091
1419.529296875,-0.15371921296294666
1419.5302734375,-0.15348587962962723
1419.53125,-0.1525944444444535
1419.5322265625,-0.15217407407407468
1419.533203125,-0.15444097222219788
1419.5341796875,-0.14954305555556743
1419.53515625,-0.150245833333314
1419.5361328125,-0.14781944444446557
1419.537109375,-0.14542939814817865
1419.5380859375,-0.1468912037037147
1419.5390625,-0.1456587962963266
1419.5400390625,-0.14340509259259274
1419.541015625,-0.1412743055555656
1419.5419921875,-0.1403530092592544
1419.54296875,-0.1407252314814885
1419.5439453125,-0.14425439814813926
1419.544921875,-0.14007870370370534
1419.5458984375,-0.14359629629631027
1419.546875,-0.14391712962965134
1419.5478515625,-0.14503032407407035
1419.548828125,-0.14832847222223616
1419.5498046875,-0.14235949074073725
1419.55078125,-0.14442824074073107
1419.5517578125,-0.14379652777777388
1419.552734375,-0.13890370370370309
1419.5537109375,-0.13652175925928237
1419.5546875,-0.14019583333331948
1419.5556640625,-0.13870115740738076
1419.556640625,-0.13573587962961495
1419.5576171875,-0.1359979166666708
1419.55859375,-0.13754074074075462
1419.5595703125,-0.1396550925925728
1419.560546875,-0.14102870370371184
1419.5615234375,-0.14664074074074432
1419.5625,-0.1468518518518381
1419.5634765625,-0.14112291666664475
1419.564453125,-0.1417157407407593
1419.5654296875,-0.13962407407409103
1419.56640625,-0.14375439814814697
1419.5673828125,-0.13888796296294625
1419.568359375,-0.1384067129629632
1419.5693359375,-0.13646180555554413
1419.5703125,-0.134755555555563
1419.5712890625,-0.1333789351851786
1419.572265625,-0.13741388888892664
1419.5732421875,-0.14134282407408374
1419.57421875,-0.14106666666664036
1419.5751953125,-0.13861666666665584
1419.576171875,-0.13949189814812737
1419.5771484375,-0.1405865740740785
1419.578125,-0.13705833333333814
1419.5791015625,-0.13474189814816204
1419.580078125,-0.1326583333333301
1419.5810546875,-0.13186111111111443
1419.58203125,-0.13037152777778688
1419.5830078125,-0.12448680555554396
1419.583984375,-0.12455324074073094
1419.5849609375,-0.13252453703706316
1419.5859375,-0.1282337962963012
1419.5869140625,-0.13101180555558675
1419.587890625,-0.13033796296296898
1419.5888671875,-0.13476296296292892
1419.58984375,-0.13437129629627692
1419.5908203125,-0.13615532407410708
1419.591796875,-0.13699259259257712
1419.5927734375,-0.13158449074076578
1419.59375,-0.12786134259260776
1419.5947265625,-0.13377523148144052
1419.595703125,-0.12941550925926718
1419.5966796875,-0.12733958333335704
1419.59765625,-0.128091666666659
1419.5986328125,-0.1248067129629485
1419.599609375,-0.12876527777778896
1419.6005859375,-0.12467013888889919
1419.6015625,-0.12404305555555975
1419.6025390625,-0.12470300925925115
1419.603515625,-0.12559583333336097
1419.6044921875,-0.1283724537036966
1419.60546875,-0.1244733796296461
1419.6064453125,-0.12606782407409223
1419.607421875,-0.1265155092592747
1419.6083984375,-0.1320046296295973
1419.609375,-0.1272618055555944
1419.6103515625,-0.1254881944444454
1419.611328125,-0.1273636574074111
1419.6123046875,-0.12841365740740485
1419.61328125,-0.12400787037040331
1419.6142578125,-0.12005787037038365
1419.615234375,-0.12704837962963633
1419.6162109375,-0.11806273148149386
1419.6171875,-0.12673148148151442
1419.6181640625,-0.12593958333333438
1419.619140625,-0.1295648148147963
1419.6201171875,-0.12674884259259844
1419.62109375,-0.1281921296296209
1419.6220703125,-0.12905486111111525
1419.623046875,-0.12649907407407124
1419.6240234375,-0.12573819444441853
1419.625,-0.12505925925927153
1419.6259765625,-0.12539236111109156
1419.626953125,-0.12369097222223353
1419.6279296875,-0.1190988425925856
1419.62890625,-0.11990624999999278
1419.6298828125,-0.11812638888887866
1419.630859375,-0.12201087962962501
1419.6318359375,-0.1173912037036959
1419.6328125,-0.11717800925925176
1419.6337890625,-0.117468287037054
1419.634765625,-0.11932893518519903
1419.6357421875,-0.12100069444443062
1419.63671875,-0.11551874999999752
1419.6376953125,-0.11881759259257524
1419.638671875,-0.1166349537037178
1419.6396484375,-0.11127384259261276
1419.640625,-0.10719282407404644
1419.6416015625,-0.11251967592593362
1419.642578125,-0.1051986111110965
1419.6435546875,-0.10511689814815445
1419.64453125,-0.10206527777777627
1419.6455078125,-0.10204097222224125
1419.646484375,-0.10350370370371434
1419.6474609375,-0.0990131944444469
1419.6484375,-0.10466574074075957
1419.6494140625,-0.10723055555555856
1419.650390625,-0.10662708333336052
1419.6513671875,-0.10520578703702119
1419.65234375,-0.10930810185183239
1419.6533203125,-0.10785115740738799
1419.654296875,-0.10279259259258257
1419.6552734375,-0.10569560185186126
1419.65625,-0.10417453703707287
1419.6572265625,-0.10353865740737643
1419.658203125,-0.10111087962960805
1419.6591796875,-0.1014715277777676
1419.66015625,-0.10168125000002408
1419.6611328125,-0.09927106481483843
1419.662109375,-0.09947361111108069
1419.6630859375,-0.1014648148148115
1419.6640625,-0.1015560185185178
1419.6650390625,-0.10274259259260388
1419.666015625,-0.10354351851852885
1419.6669921875,-0.10322453703705267
1419.66796875,-0.09917013888888132
1419.6689453125,-0.098906944444456
1419.669921875,-0.09403356481481517
1419.6708984375,-0.09257361111110303
1419.671875,-0.08841412037035438
1419.6728515625,-0.09066435185183896
1419.673828125,-0.08384537037039407
1419.6748046875,-0.0904696759259351
1419.67578125,-0.08969189814814528
1419.6767578125,-0.08886736111111648
1419.677734375,-0.09255254629629221
1419.6787109375,-0.08900416666666669
1419.6796875,-0.09411550925928097
1419.6806640625,-0.0902245370370196
1419.681640625,-0.09242175925926308
1419.6826171875,-0.09044467592594066
1419.68359375,-0.0895865740740589
1419.6845703125,-0.09333888888892837
1419.685546875,-0.08436944444442972
1419.6865234375,-0.08615763888887205
1419.6875,-0.08502037037038233
1419.6884765625,-0.07906805555553341
1419.689453125,-0.0802120370370494
1419.6904296875,-0.08034467592593864
1419.69140625,-0.08427523148148394
1419.6923828125,-0.08262245370372748
1419.693359375,-0.08411666666666784
1419.6943359375,-0.08276666666667734
1419.6953125,-0.08319722222224196
1419.6962890625,-0.08261388888888525
1419.697265625,-0.08562407407407271
1419.6982421875,-0.08333726851851939
1419.69921875,-0.08355717592594943
1419.7001953125,-0.08301180555557729
1419.701171875,-0.08004999999997905
1419.7021484375,-0.08014143518520271
1419.703125,-0.07624236111110558
1419.7041015625,-0.08085555555554733
1419.705078125,-0.07600231481480145
1419.7060546875,-0.07694722222221717
1419.70703125,-0.07494976851851279
1419.7080078125,-0.08133564814814798
1419.708984375,-0.07447013888891046
1419.7099609375,-0.07734884259260415
1419.7109375,-0.07767268518518618
1419.7119140625,-0.07558125000002724
1419.712890625,-0.07882407407406535
1419.7138671875,-0.07438287037039591
1419.71484375,-0.07249074074073317
1419.7158203125,-0.06984930555552911
1419.716796875,-0.07097106481479237
1419.7177734375,-0.07080324074072715
1419.71875,-0.07308912037038928
1419.7197265625,-0.06632384259258971
1419.720703125,-0.0663398148148431
1419.7216796875,-0.06935856481479459
1419.72265625,-0.06831759259261712
1419.7236328125,-0.07257916666665755
1419.724609375,-0.07094444444445124
1419.7255859375,-0.0682442129629563
1419.7265625,-0.06832245370370386
1419.7275390625,-0.07254606481481995
1419.728515625,-0.07371597222221699
1419.7294921875,-0.07040810185187904
1419.73046875,-0.06662129629628956
1419.7314453125,-0.06897499999999633
1419.732421875,-0.06196851851851545
1419.7333984375,-0.06210069444446561
1419.734375,-0.058187037037045766
1419.7353515625,-0.06328541666668461
1419.736328125,-0.06316273148150434
1419.7373046875,-0.05848495370371457
1419.73828125,-0.06022407407409682
1419.7392578125,-0.062246759259238026
1419.740234375,-0.06362546296296752
1419.7412109375,-0.06449861111113875
1419.7421875,-0.06257129629630213
1419.7431640625,-0.06521898148150866
1419.744140625,-0.0661291666666805
1419.7451171875,-0.06362083333332692
1419.74609375,-0.06098310185184681
1419.7470703125,-0.062247685185187016
1419.748046875,-0.06040902777776533
1419.7490234375,-0.06336898148146308
1419.75,-0.057471296296267224
1419.7509765625,-0.06007708333329939
1419.751953125,-0.06442754629630185
1419.7529296875,-0.06490995370368169
1419.75390625,-0.06493449074073601
1419.7548828125,-0.06080347222219462
1419.755859375,-0.06226597222219134
1419.7568359375,-0.0635162037036784
1419.7578125,-0.06169930555554442
1419.7587890625,-0.06124236111110788
1419.759765625,-0.05922152777781062
1419.7607421875,-0.0574254629629668
1419.76171875,-0.05840717592591699
1419.7626953125,-0.055651157407406365
1419.763671875,-0.05495254629632726
1419.7646484375,-0.0540590277777882
1419.765625,-0.05132337962961993
1419.7666015625,-0.05390439814814848
1419.767578125,-0.05224652777775059
1419.7685546875,-0.0611942129629554
1419.76953125,-0.05449074074074989
1419.7705078125,-0.05620231481483448
1419.771484375,-0.055735185185216335
1419.7724609375,-0.06094212962965558
1419.7734375,-0.059092592592574836
1419.7744140625,-0.05522106481484056
1419.775390625,-0.053459722222203215
1419.7763671875,-0.0450747685185295
1419.77734375,-0.05089097222222388
1419.7783203125,-0.04717569444443854
1419.779296875,-0.04227592592594672
1419.7802734375,-0.04347060185186244
1419.78125,-0.043342824074066665
1419.7822265625,-0.04567407407405116
1419.783203125,-0.04699467592590478
1419.7841796875,-0.05099282407407823
1419.78515625,-0.05113333333330935
1419.7861328125,-0.0482337962962931
1419.787109375,-0.04655462962962316
1419.7880859375,-0.05253888888887804
1419.7890625,-0.04913333333334459
1419.7900390625,-0.04914791666664673
1419.791015625,-0.049820370370345965
1419.7919921875,-0.04543171296294093
1419.79296875,-0.040245833333342675
1419.7939453125,-0.041638194444443624
1419.794921875,-0.03872708333334863
1419.7958984375,-0.042215046296266635
1419.796875,-0.04071759259261027
1419.7978515625,-0.04171458333332253
1419.798828125,-0.043733796296287694
1419.7998046875,-0.0466349537037066
1419.80078125,-0.04660393518517265
1419.8017578125,-0.04554004629628266
1419.802734375,-0.045362268518522965
1419.8037109375,-0.03931018518518534
1419.8046875,-0.04083958333335218
1419.8056640625,-0.035814351851862596
1419.806640625,-0.035501388888919405
1419.8076171875,-0.0319004629629832
1419.80859375,-0.032926620370398695
1419.8095703125,-0.03323981481481417
1419.810546875,-0.030349074074090834
1419.8115234375,-0.028932407407422995
1419.8125,-0.029875462962965654
1419.8134765625,-0.03590509259259801
1419.814453125,-0.034896064814834114
1419.8154296875,-0.038404861111106324
1419.81640625,-0.03353379629625806
1419.8173828125,-0.0382247685185505
1419.818359375,-0.03663171296297859
1419.8193359375,-0.03202199074076271
1419.8203125,-0.02941967592594087
1419.8212890625,-0.028162268518535438
1419.822265625,-0.02694976851850387
1419.8232421875,-0.02290625000001739
1419.82421875,-0.01921805555555084
1419.8251953125,-0.019188657407409326
1419.826171875,-0.025445601851850016
1419.8271484375,-0.021308796296302474
1419.828125,-0.02427708333332523
1419.8291015625,-0.027724305555569744
1419.830078125,-0.0248002314814804
1419.8310546875,-0.03186828703701286
1419.83203125,-0.028900694444445544
1419.8330078125,-0.028300462962961435
1419.833984375,-0.021971759259227168
1419.8349609375,-0.022419444444408975
1419.8359375,-0.023143981481495907
1419.8369140625,-0.02130879629630022
1419.837890625,-0.022940046296289946
1419.8388671875,-0.019204861111105555
1419.83984375,-0.01976527777776042
1419.8408203125,-0.014186574074076324
1419.841796875,-0.019713888888856154
1419.8427734375,-0.02297453703703288
1419.84375,-0.017817361111099203
1419.8447265625,-0.015438888888913737
1419.845703125,-0.017638194444450445
1419.8466796875,-0.02030300925925523
1419.84765625,-0.018644907407427257
1419.8486328125,-0.014291203703684271
1419.849609375,-0.014632175925941314
1419.8505859375,-0.008067592592585123
1419.8515625,-0.013326620370384309
1419.8525390625,-0.0075819444444215015
1419.853515625,-0.010891898148157308
1419.8544921875,-0.005406249999981984
1419.85546875,-0.007864583333350206
1419.8564453125,-0.007113425925945514
1419.857421875,-0.008767592592624614
1419.8583984375,-0.013494444444438066
1419.859375,-0.01069953703703653
1419.8603515625,-0.017528009259240005
1419.861328125,-0.013421296296284203
1419.8623046875,-0.015313194444444766
1419.86328125,-0.00783055555553164
1419.8642578125,-0.00967499999998282
1419.865234375,-0.00298703703704063
1419.8662109375,-0.007778240740727132
1419.8671875,-0.0025692129629676487
1419.8681640625,-0.0003451388888580209
1419.869140625,-0.0021187500000108854
1419.8701171875,0.0009011574073818967
1419.87109375,0.0006821759259116593
1419.8720703125,0.004810185185187072
1419.873046875,-0.0007425925925622634
1419.8740234375,-0.0042810185185268605
1419.875,0.001092129629627202
1419.8759765625,-0.0018953703703557287
1419.876953125,-0.001788657407424019
1419.8779296875,-0.004079861111100104
1419.87890625,-0.002430787037012352
1419.8798828125,0.0008067129629458781
1419.880859375,0.00418773148147228
1419.8818359375,0.004622685185191812
1419.8828125,0.0032844907407203585
1419.8837890625,0.006003240740752323
1419.884765625,0.006575462962956405
1419.8857421875,0.012605555555545895
1419.88671875,0.009122453703693172
1419.8876953125,0.01132824074071422
1419.888671875,0.010769675925920437
1419.8896484375,0.007858564814794982
1419.890625,0.0026655092592597312
1419.8916015625,0.0048594907407488504
1419.892578125,0.007078935185187255
1419.8935546875,0.003674768518538269
1419.89453125,0.009731944444439337
1419.8955078125,-1.3425925928085064e-05
1419.896484375,-0.0007932870370196015
1419.8974609375,0.0052305555555553634
1419.8984375,0.0001958333333377323
1419.8994140625,0.007573611111086079
1419.900390625,0.003703703703693162
1419.9013671875,0.013001851851872597
1419.90234375,0.009546759259274212
1419.9033203125,0.010243981481475315
1419.904296875,0.015457870370380026
1419.9052734375,0.006792361111083514
1419.90625,0.009271527777785685
1419.9072265625,0.005419212962960268
1419.908203125,0.007019444444441368
1419.9091796875,0.010473148148144141
1419.91015625,0.017254398148133294
1419.9111328125,0.01949652777777946
1419.912109375,0.02303287037035331
1419.9130859375,0.02197962962961179
1419.9140625,0.021034490740761216
1419.9150390625,0.023303009259254992
1419.916015625,0.020663194444451496
1419.9169921875,0.01741250000000459
1419.91796875,0.01614444444446941
1419.9189453125,0.0154287037037365
1419.919921875,0.012334953703702585
1419.9208984375,0.007475231481516614
1419.921875,0.010442824074063132
1419.9228515625,0.012972685185174247
1419.923828125,0.017329398148154943
1419.9248046875,0.01236990740740187
1419.92578125,0.010820138888903699
1419.9267578125,0.00916273148150253
1419.927734375,0.016578472222229936
1419.9287109375,0.021267361111136456
1419.9296875,0.021271064814806402
1419.9306640625,0.01598657407410648
1419.931640625,0.011953240740740148
1419.9326171875,0.013587499999980837
1419.93359375,0.012478703703692466
1419.9345703125,0.007594444444422968
1419.935546875,0.00294699074073493
1419.9365234375,0.0016905092592446164
1419.9375,0.006979398148143154
1419.9384765625,0.0072784722222473935
1419.939453125,0.006597916666646137
1419.9404296875,0.01354791666665777
1419.94140625,0.01773958333332369
1419.9423828125,0.018962962962967258
1419.943359375,0.016305092592564227
1419.9443359375,0.022366435185205605
1419.9453125,0.018487500000005905
1419.9462890625,0.022153703703714934
1419.947265625,0.014433564814837041
1419.9482421875,0.01449675925926611
1419.94921875,0.01568819444445007
1419.9501953125,0.010969444444462507
1419.951171875,0.0118206018518562
1419.9521484375,0.009515509259257836
1419.953125,0.012364120370354916
1419.9541015625,0.014653472222230079
1419.955078125,0.013906944444454956
1419.9560546875,0.02067222222221516
1419.95703125,0.017735648148164515
1419.9580078125,0.013566203703704434
1419.958984375,0.018904398148145797
1419.9599609375,0.02212060185184355
1419.9609375,0.01747638888888442
1419.9619140625,0.015495138888867057
1419.962890625,0.019741898148138325
1419.9638671875,0.016628009259268092
1419.96484375,0.011726157407403893
1419.9658203125,0.010116666666654929
1419.966796875,0.01097523148150774
1419.9677734375,0.01605069444445803
1419.96875,0.018843287037015658
1419.9697265625,0.015514120370362938
1419.970703125,0.017088888888910688
1419.9716796875,0.022734490740740146
1419.97265625,0.018331944444407944
1419.9736328125,0.01909652777780049
1419.974609375,0.020864814814804126
1419.9755859375,0.02929467592592388
1419.9765625,0.022299305555542378
1419.9775390625,0.01840069444443586
1419.978515625,0.020572685185210722
1419.9794921875,0.02301226851853986
1419.98046875,0.016203009259263063
1419.9814453125,0.02019814814811987
1419.982421875,0.021928240740695767
1419.9833984375,0.02196111111111116
1419.984375,0.019467824074079727
1419.9853515625,0.018346527777793813
1419.986328125,0.02219305555555555
1419.9873046875,0.026718287037014513
1419.98828125,0.023889120370395867
1419.9892578125,0.02012847222221119
1419.990234375,0.017954861111112934
1419.9912109375,0.02728148148146622
1419.9921875,0.0238719907407066
1419.9931640625,0.02072662037039393
1419.994140625,0.022107175925934655
1419.9951171875,0.024264814814810274
1419.99609375,0.029337962962968374
1419.9970703125,0.021693981481479385
1419.998046875,0.04097453703703205
1419.9990234375,0.08843194444443715
1420.0,0.10062916666666204
1420.0009765625,0.10062916666666204
1420.001953125,0.046310185185169425
1420.0029296875,0.03460069444447304
1420.00390625,0.04162453703701453
1420.0048828125,0.03744050925925236
1420.005859375,0.03016157407407435
1420.0068359375,0.029836574074060918
1420.0078125,0.02453240740740531
1420.0087890625,0.024863194444432375
1420.009765625,0.022342361111111108
1420.0107421875,0.02007592592594281
1420.01171875,0.02000370370369777
1420.0126953125,0.01525925925926803
1420.013671875,0.01754467592593121
1420.0146484375,0.018460879629633307
1420.015625,0.019922916666661013
1420.0166015625,0.020500000000022632
1420.017578125,0.021810879629643013
1420.0185546875,0.022296759259233263
1420.01953125,0.023646064814825608
1420.0205078125,0.023752777777787903
1420.021484375,0.012077777777759948
1420.0224609375,0.01786319444444031
1420.0234375,0.018259259259246485
1420.0244140625,0.015896296296294056
1420.025390625,0.01627152777776643
1420.0263671875,0.008977546296313428
1420.02734375,0.013929398148169975
1420.0283203125,0.014375462962961343
1420.029296875,0.01817569444443545
1420.0302734375,0.017120601851850145
1420.03125,0.02300185185184329
1420.0322265625,0.024342824074047916
1420.033203125,0.026801157407380267
1420.0341796875,0.023871296296323466
1420.03515625,0.021609490740743507
1420.0361328125,0.023334953703700062
1420.037109375,0.023653009259224016
1420.0380859375,0.023175694444444377
1420.0390625,0.01944050925927998
1420.0400390625,0.018024768518518936
1420.041015625,0.016280092592593755
1420.0419921875,0.017511342592563005
1420.04296875,0.01431365740742747
1420.0439453125,0.01861111111110826
1420.044921875,0.02301435185182323
1420.0458984375,0.020354166666647924
1420.046875,0.025260185185166397
1420.0478515625,0.02464351851851591
1420.048828125,0.025585416666685026
1420.0498046875,0.03059050925925424
1420.05078125,0.02654768518519549
1420.0517578125,0.02877824074071745
1420.052734375,0.023812499999997176
1420.0537109375,0.024122685185183713
1420.0546875,0.01884467592590506
1420.0556640625,0.02476249999996209
1420.056640625,0.016245138888910663
1420.0576171875,0.01915300925929578
1420.05859375,0.015757407407379395
1420.0595703125,0.01804629629630497
1420.060546875,0.02199537037037791
1420.0615234375,0.020374537037049088
1420.0625,0.023981481481501428
1420.0634765625,0.02054537037038584
1420.064453125,0.025559722222227955
1420.0654296875,0.02379953703701239
1420.06640625,0.0238879629629765
1420.0673828125,0.023378935185182692
1420.068359375,0.02227777777779324
1420.0693359375,0.023112500000017924
1420.0703125,0.018363425925895967
1420.0712890625,0.021059027777774596
1420.072265625,0.022650000000006824
1420.0732421875,0.022463657407413497
1420.07421875,0.021784027777790073
1420.0751953125,0.022464120370375904
1420.076171875,0.0318087962962844
1420.0771484375,0.02987175925926869
1420.078125,0.03440671296299105
1420.0791015625,0.026684027777772432
1420.080078125,0.02938078703703513
1420.0810546875,0.031778703703696363
1420.08203125,0.028993287037060157
1420.0830078125,0.03333657407405765
1420.083984375,0.023481944444440548
1420.0849609375,0.028342592592581598
1420.0859375,0.02958611111106533
1420.0869140625,0.02388842592592756
1420.087890625,0.026302546296283893
1420.0888671875,0.027288194444452154
1420.08984375,0.03005810185184588
1420.0908203125,0.029617824074063867
1420.091796875,0.03503842592590376
1420.0927734375,0.03373148148149631
1420.09375,0.03464259259258795
1420.0947265625,0.031206944444423627
1420.095703125,0.0327402777777685
1420.0966796875,0.031811342592598574
1420.09765625,0.03185972222222214
1420.0986328125,0.032456250000006986
1420.099609375,0.02756944444445151
1420.1005859375,0.02824513888888362
1420.1015625,0.02617592592594262
1420.1025390625,0.023546296296302123
1420.103515625,0.02298749999998791
1420.1044921875,0.022405092592597785
1420.10546875,0.024565046296276236
1420.1064453125,0.02144467592590878
1420.107421875,0.027508101851889045
1420.1083984375,0.025574768518523052
1420.109375,0.02997754629629645
1420.1103515625,0.028764120370402473
1420.111328125,0.02645185185187824
1420.1123046875,0.025884490740722136
1420.11328125,0.02400300925923527
1420.1142578125,0.026594444444458135
1420.115234375,0.02070810185185528
1420.1162109375,0.025830324074071282
1420.1171875,0.02404837962963175
1420.1181640625,0.02609305555557439
1420.119140625,0.02985648148148815
1420.1201171875,0.026275231481493123
1420.12109375,0.030935185185204193
1420.1220703125,0.03304305555556949
1420.123046875,0.033533796296299316
1420.1240234375,0.029365046296287847
1420.125,0.035988425925936866
1420.1259765625,0.0321597222222209
1420.126953125,0.029727546296296706
1420.1279296875,0.026840740740743187
1420.12890625,0.02798379629630804
1420.1298828125,0.02869120370369661
1420.130859375,0.02421064814815713
1420.1318359375,0.027754166666682328
1420.1328125,0.028723148148135494
1420.1337890625,0.028655787037040092
1420.134765625,0.03194953703705839
1420.1357421875,0.03004745370371757
1420.13671875,0.036152314814827606
1420.1376953125,0.03718819444444477
1420.138671875,0.0353902777777555
1420.1396484375,0.03634699074073059
1420.140625,0.03732453703704207
1420.1416015625,0.04163657407403924
1420.142578125,0.034318518518508284
1420.1435546875,0.03591412037037794
1420.14453125,0.03127361111112974
1420.1455078125,0.0348678240740742
1420.146484375,0.03192847222224594
1420.1474609375,0.03277708333333599
1420.1484375,0.03679259259259754
1420.1494140625,0.033527546296278014
1420.150390625,0.03923680555557952
1420.1513671875,0.03639467592593559
1420.15234375,0.041165509259261775
1420.1533203125,0.03555462962963651
1420.154296875,0.038880092592615385
1420.1552734375,0.04491111111111113
1420.15625,0.04301412037034794
1420.1572265625,0.03720185185186304
1420.158203125,0.03817638888889939
1420.1591796875,0.039105092592571875
1420.16015625,0.0323733796296292
1420.1611328125,0.03412476851852393
1420.162109375,0.03365879629628465
1420.1630859375,0.035907407407430425
1420.1640625,0.03655115740737872
1420.1650390625,0.03607638888889879
1420.166015625,0.04111319444443495
1420.1669921875,0.0437807870370679
1420.16796875,0.045918287037045785
1420.1689453125,0.04503472222224562
1420.169921875,0.04543240740741184
1420.1708984375,0.046925231481470174
1420.171875,0.049895370370398685
1420.1728515625,0.04730416666666456
1420.173828125,0.046165277777798795
1420.1748046875,0.03992083333333273
1420.17578125,0.0424682870370276
1420.1767578125,0.04127106481481098
1420.177734375,0.03886574074072087
1420.1787109375,0.04311157407409043
1420.1796875,0.04327106481481196
1420.1806640625,0.047659259259267235
1420.181640625,0.0521972222221962
1420.1826171875,0.05495115740739659
1420.18359375,0.05847013888889586
1420.1845703125,0.05349629629630336
1420.185546875,0.05545208333332852
1420.1865234375,0.052397685185180135
1420.1875,0.05430138888891089
1420.1884765625,0.05308171296299327
1420.189453125,0.050546296296269236
1420.1904296875,0.04953449074077128
1420.19140625,0.04716203703703632
1420.1923828125,0.0481847222222177
1420.193359375,0.04481736111111501
1420.1943359375,0.048375694444448746
1420.1953125,0.04931620370371046
1420.1962890625,0.05357245370370044
1420.197265625,0.051782870370348524
1420.1982421875,0.05528495370372996
1420.19921875,0.05892337962961585
1420.2001953125,0.055829398148137234
1420.201171875,0.051880555555543384
1420.2021484375,0.052011111111117676
1420.203125,0.04798981481481125
1420.2041015625,0.0515692129629632
1420.205078125,0.05286851851850998
1420.2060546875,0.04732893518518424
1420.20703125,0.04773055555555964
1420.2080078125,0.0547460648148115
1420.208984375,0.05742384259259035
1420.2099609375,0.05961550925924983
1420.2109375,0.06165717592595527
1420.2119140625,0.06273865740739999
1420.212890625,0.06115208333337456
1420.2138671875,0.06847314814813499
1420.21484375,0.06355648148148556
1420.2158203125,0.06815925925925086
1420.216796875,0.06601481481478555
1420.2177734375,0.06280138888889632
1420.21875,0.06407638888888688
1420.2197265625,0.06182037037038702
1420.220703125,0.05832314814817935
1420.2216796875,0.061355555555560916
1420.22265625,0.06026111111110498
1420.2236328125,0.06453240740739342
1420.224609375,0.06730995370368516
1420.2255859375,0.07396875000000341
1420.2265625,0.07509606481481189
1420.2275390625,0.07102939814815305
1420.228515625,0.07328194444444282
1420.2294921875,0.07394328703702993
1420.23046875,0.07744444444442412
1420.2314453125,0.07536782407409293
1420.232421875,0.07656782407405298
1420.2333984375,0.07240925925921747
1420.234375,0.07663240740743414
1420.2353515625,0.07302245370370115
1420.236328125,0.07926967592593884
1420.2373046875,0.07723055555555867
1420.23828125,0.07598888888892281
1420.2392578125,0.08198055555553833
1420.240234375,0.08503032407405595
1420.2412109375,0.0816694444444294
1420.2421875,0.08640532407407918
1420.2431640625,0.08834722222222133
1420.244140625,0.09930856481482103
1420.2451171875,0.08851481481478832
1420.24609375,0.09322291666666514
1420.2470703125,0.09258194444447278
1420.248046875,0.09482893518521222
1420.2490234375,0.09313124999999899
1420.25,0.0948423611111351
1420.2509765625,0.09623541666667204
1420.251953125,0.09582592592594501
1420.2529296875,0.09296574074073392
1420.25390625,0.09783842592592852
1420.2548828125,0.1025145833333008
1420.255859375,0.1035826388889025
1420.2568359375,0.10509652777778299
1420.2578125,0.10917638888887085
1420.2587890625,0.1103909722221943
1420.259765625,0.11652384259258126
1420.2607421875,0.11593449074073148
1420.26171875,0.11761875000003018
1420.2626953125,0.1190900462962852
1420.263671875,0.12386249999998705
1420.2646484375,0.11949236111109164
1420.265625,0.12321898148149256
1420.2666015625,0.12102592592592618
1420.267578125,0.12510185185186626
1420.2685546875,0.12645532407407697
1420.26953125,0.13095856481479057
1420.2705078125,0.13844976851854573
1420.271484375,0.14121574074074586
1420.2724609375,0.14385601851852964
1420.2734375,0.14814351851850158
1420.2744140625,0.14971805555557693
1420.275390625,0.15052824074073964
1420.2763671875,0.152669675925923
1420.27734375,0.15194143518519493
1420.2783203125,0.15067870370370165
1420.279296875,0.15234004629632664
1420.2802734375,0.14707129629630078
1420.28125,0.1507638888888742
1420.2822265625,0.15031828703702727
1420.283203125,0.15297361111110147
1420.2841796875,0.1560162037037042
1420.28515625,0.15707175925927566
1420.2861328125,0.15990601851850067
1420.287109375,0.16184236111109263
1420.2880859375,0.1664650462962703
1420.2890625,0.16344212962963953
1420.2900390625,0.16475046296292126
1420.291015625,0.16528032407405935
1420.2919921875,0.16859259259258627
1420.29296875,0.17066643518515937
1420.2939453125,0.16543125000002457
1420.294921875,0.16455694444447166
1420.2958984375,0.16270370370371703
1420.296875,0.1645555555555701
1420.2978515625,0.16028703703703348
1420.298828125,0.16680532407408472
1420.2998046875,0.17250717592593737
1420.30078125,0.1765252314814817
1420.3017578125,0.17685185185184188
1420.302734375,0.17134583333334927
1420.3037109375,0.17308935185186375
1420.3046875,0.17994722222223064
1420.3056640625,0.17623333333332095
1420.306640625,0.17320393518520336
1420.3076171875,0.17633587962965372
1420.30859375,0.17109467592592462
1420.3095703125,0.17210648148146782
1420.310546875,0.16640462962964178
1420.3115234375,0.16794236111108246
1420.3125,0.17080254629627223
1420.3134765625,0.1708807870370093
1420.314453125,0.1729803240740652
1420.3154296875,0.17517430555555438
1420.31640625,0.1747113425925719
1420.3173828125,0.17904328703701367
1420.318359375,0.1785120370370215
1420.3193359375,0.18031643518517726
1420.3203125,0.17954884259261622
1420.3212890625,0.17544513888889643
1420.322265625,0.17727268518516612
1420.3232421875,0.1735888888888844
1420.32421875,0.1727175925925813
1420.3251953125,0.17224560185185192
1420.326171875,0.17398402777778535
1420.3271484375,0.17051481481483324
1420.328125,0.1690231481481416
1420.3291015625,0.1711375000000202
1420.330078125,0.16939722222218903
1420.3310546875,0.17311319444444506
1420.33203125,0.172478703703691
1420.3330078125,0.17346666666667282
1420.333984375,0.17572731481479859
1420.3349609375,0.17269236111110736
1420.3359375,0.16985717592595548
1420.3369140625,0.173651157407428
1420.337890625,0.1697766203703444
1420.3388671875,0.16669953703704696
1420.33984375,0.1634289351851807
1420.3408203125,0.1635912037036908
1420.341796875,0.1647817129629432
1420.3427734375,0.1605300925925793
1420.34375,0.16329004629626293
1420.3447265625,0.16631620370368916
1420.345703125,0.16290138888889982
1420.3466796875,0.1647490740740705
1420.34765625,0.16919212962961322
1420.3486328125,0.16916921296296625
1420.349609375,0.16573680555557602
1420.3505859375,0.16377314814814187
1420.3515625,0.1641386574073897
1420.3525390625,0.1626270833333505
1420.353515625,0.15614143518517515
1420.3544921875,0.15666828703706406
1420.35546875,0.15175300925927387
1420.3564453125,0.15132546296297247
1420.357421875,0.14590925925925563
1420.3583984375,0.14876203703703236
1420.359375,0.15190046296300225
1420.3603515625,0.15242916666666723
1420.361328125,0.15144120370370098
1420.3623046875,0.14858055555555838
1420.36328125,0.1558756944444452
1420.3642578125,0.1546245370370671
1420.365234375,0.15184189814814136
1420.3662109375,0.14512708333334698
1420.3671875,0.1479472222222032
1420.3681640625,0.14241435185185897
1420.369140625,0.13829814814815725
1420.3701171875,0.13707847222221337
1420.37109375,0.135740277777765
1420.3720703125,0.13654166666666762
1420.373046875,0.13174675925928342
1420.3740234375,0.1348796296296291
1420.375,0.1285673611111344
1420.3759765625,0.13056828703702392
1420.376953125,0.13470648148150027
1420.3779296875,0.13394722222224156
1420.37890625,0.13387847222221347
1420.3798828125,0.1322245370370309
1420.380859375,0.13599004629629657
1420.3818359375,0.12922777777774053
1420.3828125,0.12920486111111057
1420.3837890625,0.12647939814813156
1420.384765625,0.1252782407407593
1420.3857421875,0.12291550925928095
1420.38671875,0.12132199074073546
1420.3876953125,0.12205648148150955
1420.388671875,0.1232912037037135
1420.3896484375,0.12753009259261053
1420.390625,0.12675254629628038
1420.3916015625,0.13003171296294436
1420.392578125,0.1282543981481328
1420.3935546875,0.12997569444446272
1420.39453125,0.12711319444445093
1420.3955078125,0.13000462962962642
1420.396484375,0.12684537037038626
1420.3974609375,0.12119305555557748
1420.3984375,0.12163240740739248
1420.3994140625,0.12142500000000858
1420.400390625,0.11863472222223292
1420.4013671875,0.1165050925925971
1420.40234375,0.11522685185182732
1420.4033203125,0.11285740740739399
1420.404296875,0.11663981481479459
1420.4052734375,0.11832037037038948
1420.40625,0.12161134259258594
1420.4072265625,0.12622592592589255
1420.408203125,0.12168819444444229
1420.4091796875,0.12900300925923255
1420.41015625,0.12473773148147206
1420.4111328125,0.12405532407406127
1420.412109375,0.11929097222220737
1420.4130859375,0.1197986111111119
1420.4140625,0.11471851851853503
1420.4150390625,0.11561944444443782
1420.416015625,0.12033333333333872
1420.4169921875,0.11165138888889842
1420.41796875,0.11087453703704618
1420.4189453125,0.11402685185182795
1420.419921875,0.1124458333333409
1420.4208984375,0.11529837962963793
1420.421875,0.11606527777778661
1420.4228515625,0.11714907407403453
1420.423828125,0.11656944444443956
1420.4248046875,0.11821250000003482
1420.42578125,0.12075601851854702
1420.4267578125,0.11816851851851774
1420.427734375,0.11669421296294365
1420.4287109375,0.11384745370367341
1420.4296875,0.11201365740738434
1420.4306640625,0.10692337962964096
1420.431640625,0.11113194444446044
1420.4326171875,0.10555925925927093
1420.43359375,0.10981898148148624
1420.4345703125,0.11060370370369352
1420.435546875,0.11515416666664345
1420.4365234375,0.11667222222220279
1420.4375,0.11909837962959485
1420.4384765625,0.1140879629629609
1420.439453125,0.11773564814814311
1420.4404296875,0.11437569444444869
1420.44140625,0.11700138888890178
1420.4423828125,0.115167129629636
1420.443359375,0.11358194444440896
1420.4443359375,0.10819027777778159
1420.4453125,0.10771990740738943
1420.4462890625,0.10722569444444821
1420.447265625,0.10916273148148989
1420.4482421875,0.10560532407408502
1420.44921875,0.108885648148174
1420.4501953125,0.10940925925927257
1420.451171875,0.11305925925928145
1420.4521484375,0.11597453703705364
1420.453125,0.11579930555555887
1420.4541015625,0.1168506944444079
1420.455078125,0.11568981481479691
1420.4560546875,0.11997523148144976
1420.45703125,0.11799560185183205
1420.4580078125,0.11408379629629309
1420.458984375,0.11151412037035228
1420.4599609375,0.10685347222221421
1420.4609375,0.11372314814813429
1420.4619140625,0.10638148148151476
1420.462890625,0.10642407407408441
1420.4638671875,0.1081752314815123
1420.46484375,0.11114490740741874
1420.4658203125,0.1104837962962979
1420.466796875,0.10976365740740038
1420.4677734375,0.11270069444440918
1420.46875,0.11519861111111948
1420.4697265625,0.11214745370372206
1420.470703125,0.11057916666664334
1420.4716796875,0.11416111111111599
1420.47265625,0.11224560185183849
1420.4736328125,0.10832986111111398
1420.474609375,0.10776180555555377
1420.4755859375,0.10451574074071923
1420.4765625,0.10258449074071861
1420.4775390625,0.1087067129629584
1420.478515625,0.10622083333332698
1420.4794921875,0.1075851851851732
1420.48046875,0.10788240740740465
1420.4814453125,0.1139831018518591
1420.482421875,0.11526388888888049
1420.4833984375,0.11602453703704114
1420.484375,0.11789583333333267
1420.4853515625,0.11674583333332592
1420.486328125,0.11618518518518081
1420.4873046875,0.11262407407406459
1420.48828125,0.11236319444445172
1420.4892578125,0.1085171296296364
1420.490234375,0.10567337962962468
1420.4912109375,0.10448842592588913
1420.4921875,0.10749629629632389
1420.4931640625,0.1075319444444591
1420.494140625,0.10701898148150567
1420.4951171875,0.11187754629630765
1420.49609375,0.11031134259258489
1420.4970703125,0.11464490740739193
1420.498046875,0.11840902777778659
1420.4990234375,0.1161465277777898
1420.5,0.11996342592592012
1420.5009765625,0.11906875000000562
1420.501953125,0.11344675925926308
1420.5029296875,0.11624236111110595
1420.50390625,0.11332592592595678
1420.5048828125,0.11215532407406992
1420.505859375,0.11206898148149295
1420.5068359375,0.11045046296297918
1420.5078125,0.11182175925923009
1420.5087890625,0.10903009259257825
1420.509765625,0.11613842592591644
1420.5107421875,0.12058865740740282
1420.51171875,0.11543240740742
1420.5126953125,0.1155912037037096
1420.513671875,0.12469953703706001
1420.5146484375,0.12684745370372247
1420.515625,0.12500810185183905
1420.5166015625,0.11784282407407315
1420.517578125,0.12075416666666652
1420.5185546875,0.11618564814814876
1420.51953125,0.11575486111108084
1420.5205078125,0.11269398148151029
1420.521484375,0.11212523148147058
1420.5224609375,0.10894282407407387
1420.5234375,0.1133006944444605
1420.5244140625,0.11819722222220629
1420.525390625,0.11429398148147936
1420.5263671875,0.11963912037036999
1420.52734375,0.12106666666665254
1420.5283203125,0.1232840277777864
1420.529296875,0.12044884259261855
1420.5302734375,0.12069675925930512
1420.53125,0.1201784722222259
1420.5322265625,0.1196092592592627
1420.533203125,0.11922476851853023
1420.5341796875,0.11167083333330435
1420.53515625,0.1137782407407189
1420.5361328125,0.11346180555555405
1420.537109375,0.11623726851850139
1420.5380859375,0.11698009259258221
1420.5390625,0.11626458333332297
1420.5400390625,0.12253009259257175
1420.541015625,0.12094375000000927
1420.5419921875,0.12466157407408904
1420.54296875,0.12411134259261701
1420.5439453125,0.1307363425926227
1420.544921875,0.13081666666666691
1420.5458984375,0.129117361111103
1420.546875,0.12509976851850702
1420.5478515625,0.11972870370366286
1420.548828125,0.12260856481478663
1420.5498046875,0.1173449074074091
1420.55078125,0.11322106481480518
1420.5517578125,0.11946666666667143
1420.552734375,0.11589143518513847
1420.5537109375,0.11494050925926172
1420.5546875,0.11576550925923854
1420.5556640625,0.12080023148147628
1420.556640625,0.12179490740739697
1420.5576171875,0.12412037037036869
1420.55859375,0.12509166666668442
1420.5595703125,0.12409120370372723
1420.560546875,0.12552592592590284
1420.5615234375,0.12146203703701836
1420.5625,0.12078726851854417
1420.5634765625,0.12092708333331935
1420.564453125,0.1195081018518602
1420.5654296875,0.11395787037036696
1420.56640625,0.11286365740739625
1420.5673828125,0.11776851851853988
1420.568359375,0.12029490740740167
1420.5693359375,0.12025300925923857
1420.5703125,0.1187974537037004
1420.5712890625,0.12526712962963252
1420.572265625,0.13079999999998446
1420.5732421875,0.12787754629630932
1420.57421875,0.1277692129629682
1420.5751953125,0.12621944444444028
1420.576171875,0.12754143518520572
1420.5771484375,0.12452824074072709
1420.578125,0.124321759259247
1420.5791015625,0.12417037037038008
1420.580078125,0.11851388888889682
1420.5810546875,0.11827060185181616
1420.58203125,0.12028912037036847
1420.5830078125,0.11613819444442933
1420.583984375,0.12029421296295975
1420.5849609375,0.1203361111111011
1420.5859375,0.1193118055555684
1420.5869140625,0.12728171296295085
1420.587890625,0.13296157407403705
1420.5888671875,0.12868657407408696
1420.58984375,0.13248171296294078
1420.5908203125,0.1310189814814787
1420.591796875,0.1325530092592511
1420.5927734375,0.13250833333333525
1420.59375,0.12968217592594072
1420.5947265625,0.1262918981481663
1420.595703125,0.1222462962962983
1420.5966796875,0.1246520833333447
1420.59765625,0.12234537037039159
1420.5986328125,0.12500578703704585
1420.599609375,0.12451342592593434
1420.6005859375,0.1324055555555591
1420.6015625,0.13724629629631166
1420.6025390625,0.1317370370370289
1420.603515625,0.13115694444444378
1420.6044921875,0.13655902777776624
1420.60546875,0.14041805555555933
1420.6064453125,0.13991319444444783
1420.607421875,0.1326618055555448
1420.6083984375,0.13058564814814871
1420.609375,0.1296145833333151
1420.6103515625,0.13181689814816966
1420.611328125,0.1288557870370189
1420.6123046875,0.12640370370366852
1420.61328125,0.12425740740741492
1420.6142578125,0.12889583333333932
1420.615234375,0.1321483796296226
1420.6162109375,0.13210925925924827
1420.6171875,0.13282060185182498
1420.6181640625,0.1376446759259355
1420.619140625,0.14147731481481757
1420.6201171875,0.1379576388889041
1420.62109375,0.13893333333333283
1420.6220703125,0.13537060185186067
1420.623046875,0.13229675925924989
1420.6240234375,0.13439768518520118
1420.625,0.13139027777778173
1420.6259765625,0.12733333333334287
1420.626953125,0.1300703703703621
1420.6279296875,0.1293092592592822
1420.62890625,0.1302488425925895
1420.6298828125,0.13686805555558593
1420.630859375,0.1366194444444263
1420.6318359375,0.13907245370368113
1420.6328125,0.14242800925926485
1420.6337890625,0.1457717592592622
1420.634765625,0.1459675925925837
1420.6357421875,0.146696296296298
1420.63671875,0.14016643518516658
1420.6376953125,0.142480092592588
1420.638671875,0.13814236111110761
1420.6396484375,0.13358379629631062
1420.640625,0.13214768518515843
1420.6416015625,0.12921180555553485
1420.642578125,0.13624398148147598
1420.6435546875,0.12876967592592906
1420.64453125,0.12809884259258925
1420.6455078125,0.13250185185185817
1420.646484375,0.13765486111112238
1420.6474609375,0.136093750000006
1420.6484375,0.14200509259259989
1420.6494140625,0.13825787037036266
1420.650390625,0.13776504629629371
1420.6513671875,0.13860740740742064
1420.65234375,0.13547037037037518
1420.6533203125,0.1359571759259154
1420.654296875,0.13415486111113967
1420.6552734375,0.13439722222220718
1420.65625,0.13573842592593593
1420.6572265625,0.13197453703700965
1420.658203125,0.13218587962961997
1420.6591796875,0.13870671296296944
1420.66015625,0.14280208333336136
1420.6611328125,0.14183541666665625
1420.662109375,0.1451134259259308
1420.6630859375,0.14545023148148908
1420.6640625,0.14182476851851955
1420.6650390625,0.14665856481483724
1420.666015625,0.1443101851851677
1420.6669921875,0.1421129629629479
1420.66796875,0.14433981481486444
1420.6689453125,0.13668078703701386
1420.669921875,0.13981180555557543
1420.6708984375,0.1375851851851967
1420.671875,0.13770393518516463
1420.6728515625,0.13559351851852977
1420.673828125,0.13600115740737634
1420.6748046875,0.1413039351851902
1420.67578125,0.1432925925926178
1420.6767578125,0.14580856481479554
1420.677734375,0.14706874999998779
1420.6787109375,0.14960833333329257
1420.6796875,0.15137847222219547
1420.6806640625,0.14883587962966482
1420.681640625,0.15472129629630388
1420.6826171875,0.14947291666666998
1420.68359375,0.14624791666664963
1420.6845703125,0.14477314814814604
1420.685546875,0.14475000000000127
1420.6865234375,0.14181898148148053
1420.6875,0.14084166666662998
1420.6884765625,0.14569513888888191
1420.689453125,0.14322523148150304
1420.6904296875,0.14452523148148583
1420.69140625,0.14590833333333303
1420.6923828125,0.1495949074074044
1420.693359375,0.15146481481481894
1420.6943359375,0.14817060185187417
1420.6953125,0.15313125000000347
1420.6962890625,0.1519224537037159
1420.697265625,0.1503363425925773
1420.6982421875,0.14791412037036888
1420.69921875,0.1453282407407408
1420.7001953125,0.1434643518518295
1420.701171875,0.1440736111110989
1420.7021484375,0.1465416666666612
1420.703125,0.14567199074077467
1420.7041015625,0.1427166666666594
1420.705078125,0.14976759259261152
1420.7060546875,0.1530509259259255
1420.70703125,0.15262129629628413
1420.7080078125,0.15738287037037854
1420.708984375,0.15608587962965143
1420.7099609375,0.16017708333333985
1420.7109375,0.1584016203703644
1420.7119140625,0.15614583333332774
1420.712890625,0.1595076388889008
1420.7138671875,0.15573958333334909
1420.71484375,0.15042754629630484
1420.7158203125,0.15178680555554783
1420.716796875,0.14712152777775594
1420.7177734375,0.1475921296296243
1420.71875,0.14901736111109787
1420.7197265625,0.15461574074073894
1420.720703125,0.1522474537037053
1420.7216796875,0.1578865740740563
1420.72265625,0.16066296296296104
1420.7236328125,0.1622930555555493
1420.724609375,0.1668782407407476
1420.7255859375,0.1641317129629632
1420.7265625,0.1632974537036939
1420.7275390625,0.16130902777777367
1420.728515625,0.15665671296296008
1420.7294921875,0.1583826388889035
1420.73046875,0.15259143518516363
1420.7314453125,0.15199583333334163
1420.732421875,0.1532881944444649
1420.7333984375,0.1526094907407411
1420.734375,0.15303587962964202
1420.7353515625,0.15541365740741309
1420.736328125,0.15863287037037646
1420.7373046875,0.15996550925924216
1420.73828125,0.16313125000001003
1420.7392578125,0.1641854166666657
1420.740234375,0.16560092592594164
1420.7412109375,0.1614004629629479
1420.7421875,0.15291111111114433
1420.7431640625,0.15860833333336288
1420.744140625,0.15734212962963165
1420.7451171875,0.1569655092592492
1420.74609375,0.15857222222221531
1420.7470703125,0.1589300925926054
1420.748046875,0.1661039351852092
1420.7490234375,0.16547013888886114
1420.75,0.42477013888888115
1420.7509765625,0.16879768518518645
1420.751953125,0.17317731481481508
1420.7529296875,0.17208009259258095
1420.75390625,0.17878287037037055
1420.7548828125,0.1708090277777602
1420.755859375,0.17013819444442357
1420.7568359375,0.16424236111113377
1420.7578125,0.16692453703702875
1420.7587890625,0.1613560185185065
1420.759765625,0.15965509259259533
1420.7607421875,0.15601689814815614
1420.76171875,0.1497134259259267
1420.7626953125,0.16132291666667148
1420.763671875,0.15940949074070754
1420.7646484375,0.16100995370369364
1420.765625,0.1606805555555566
1420.7666015625,0.1682759259259134
1420.767578125,0.1733064814814437
1420.7685546875,0.16686944444443064
1420.76953125,0.17534606481482326
1420.7705078125,0.1677789351851907
1420.771484375,0.1747108796296389
1420.7724609375,0.1709222222222319
1420.7734375,0.16495162037035926
1420.7744140625,0.16605185185184654
1420.775390625,0.16864930555554525
1420.7763671875,0.1666155092592662
1420.77734375,0.1621525462962999
1420.7783203125,0.16230740740742164
1420.779296875,0.1696854166666669
1420.7802734375,0.1680407407407572
1420.78125,0.1696993055555389
1420.7822265625,0.1662016203703936
1420.783203125,0.17265601851849827
1420.7841796875,0.17211064814817711
1420.78515625,0.17544328703702602
1420.7861328125,0.17125277777778758
1420.787109375,0.1696094907407423
1420.7880859375,0.166310416666669
1420.7890625,0.17134675925924545
1420.7900390625,0.16864421296295887
1420.791015625,0.16318194444445944
1420.7919921875,0.1664902777777662
1420.79296875,0.16771921296296327
1420.7939453125,0.17874236111111128
1420.794921875,0.17041782407406564
1420.7958984375,0.17480393518518822
1420.796875,0.17761249999999165
1420.7978515625,0.17986898148150238
1420.798828125,0.18508333333333615
1420.7998046875,0.18244583333336425
1420.80078125,0.18017662037037827
1420.8017578125,0.1793247685184937
1420.802734375,0.17857407407408013
1420.8037109375,0.1739011574074015
1420.8046875,0.17518981481479737
1420.8056640625,0.1697539351851788
1420.806640625,0.1682236111111245
1420.8076171875,0.17101250000000073
1420.80859375,0.1720284722222217
1420.8095703125,0.17776805555555236
1420.810546875,0.17739837962961996
1420.8115234375,0.1806356481481541
1420.8125,0.18599467592593055
1420.8134765625,0.184624768518525
1420.814453125,0.19060925925922842
1420.8154296875,0.1873518518518505
1420.81640625,0.1854944444444229
1420.8173828125,0.17955115740739883
1420.818359375,0.1844967592592669
1420.8193359375,0.1796743055555676
1420.8203125,0.17350717592591708
1420.8212890625,0.17593009259259448
1420.822265625,0.17197152777776392
1420.8232421875,0.17531273148148033
1420.82421875,0.16858310185185915
1420.8251953125,0.17756018518518032
1420.826171875,0.17568888888890413
1420.8271484375,0.18419675925923787
1420.828125,0.1818106481481198
1420.8291015625,0.18470949074074064
1420.830078125,0.1862462962963086
1420.8310546875,0.1828513888889002
1420.83203125,0.18336203703701479
1420.8330078125,0.18075069444444117
1420.833984375,0.17823101851852752
1420.8349609375,0.1726631944444556
1420.8359375,0.17120046296295452
1420.8369140625,0.17400624999998845
1420.837890625,0.1750280092592293
1420.8388671875,0.18110439814815626
1420.83984375,0.18101898148147208
1420.8408203125,0.1887743055555725
1420.841796875,0.1858877314814843
1420.8427734375,0.1867328703703764
1420.84375,0.19005879629629488
1420.8447265625,0.1870310185185141
1420.845703125,0.19034537037037916
1420.8466796875,0.18432592592594765
1420.84765625,0.18427685185186463
1420.8486328125,0.18211805555554758
1420.849609375,0.18062453703702558
1420.8505859375,0.1819907407407371
1420.8515625,0.1770303240740713
1420.8525390625,0.17893449074074827
1420.853515625,0.17360578703699553
1420.8544921875,0.18209976851853707
1420.85546875,0.18121319444444092
1420.8564453125,0.18427407407405683
1420.857421875,0.18550763888886973
1420.8583984375,0.18825717592592303
1420.859375,0.19600925925926158
1420.8603515625,0.1884648148148198
1420.861328125,0.19539004629630108
1420.8623046875,0.18931712962964073
1420.86328125,0.19349560185186152
1420.8642578125,0.1827094907407637
1420.865234375,0.1870675925925719
1420.8662109375,0.18622662037037574
1420.8671875,0.18192708333334043
1420.8681640625,0.1828314814814875
1420.869140625,0.1797534722222294
1420.8701171875,0.18424930555552116
1420.87109375,0.18290393518517614
1420.8720703125,0.190926388888894
1420.873046875,0.18931319444444356
1420.8740234375,0.19329953703702663
1420.875,0.18798240740738292
1420.8759765625,0.18982013888889127
1420.876953125,0.19389861111108664
1420.8779296875,0.1905976851851949
1420.87890625,0.18828009259260245
1420.8798828125,0.18464398148144917
1420.880859375,0.18756041666665868
1420.8818359375,0.18354629629628413
1420.8828125,0.18290810185185535
1420.8837890625,0.1870104166666827
1420.884765625,0.18807824074075027
1420.8857421875,0.18815648148146108
1420.88671875,0.1919518518518641
1420.8876953125,0.1956576388888756
1420.888671875,0.19638379629629096
1420.8896484375,0.19812407407407504
1420.890625,0.20223148148146453
1420.8916015625,0.19865347222221286
1420.892578125,0.1971606481481549
1420.8935546875,0.18997361111110564
1420.89453125,0.19277731481481608
1420.8955078125,0.18232361111109308
1420.896484375,0.18880347222223395
1420.8974609375,0.18250000000004687
1420.8984375,0.18618750000001746
1420.8994140625,0.18868726851849954
1420.900390625,0.19340624999996
1420.9013671875,0.2003780092592779
1420.90234375,0.19544305555555722
1420.9033203125,0.20773425925924305
1420.904296875,0.20107013888890357
1420.9052734375,0.20698541666668682
1420.90625,0.2006351851851713
1420.9072265625,0.19596296296294888
1420.908203125,0.19785138888888482
1420.9091796875,0.19309490740740184
1420.91015625,0.1944587962962997
1420.9111328125,0.1875247685185044
1420.912109375,0.18813379629630586
1420.9130859375,0.18836203703705698
1420.9140625,0.18834444444441373
1420.9150390625,0.19314583333332733
1420.916015625,0.18680972222223993
1420.9169921875,0.18930925925927325
1420.91796875,0.194942129629631
1420.9189453125,0.1978622685185283
1420.919921875,0.1925534722222283
1420.9208984375,0.18658171296296583
1420.921875,0.18872754629629598
1420.9228515625,0.19073171296295718
1420.923828125,0.19094652777778648
1420.9248046875,0.18901458333332716
1420.92578125,0.18796481481482874
1420.9267578125,0.18646342592592732
1420.927734375,0.190440972222227
1420.9287109375,0.18862939814813398
1420.9296875,0.19256828703702833
1420.9306640625,0.19367800925926357
1420.931640625,0.19689907407408777
1420.9326171875,0.20006851851852817
1420.93359375,0.2007592592592816
1420.9345703125,0.20139074074073196
1420.935546875,0.19826967592592226
1420.9365234375,0.19482268518518855
1420.9375,0.1947245370370568
1420.9384765625,0.19058217592592588
1420.939453125,0.1892520833333564
1420.9404296875,0.18936226851851068
1420.94140625,0.18517662037037844
1420.9423828125,0.1818247685185135
1420.943359375,0.1874074074074077
1420.9443359375,0.187083101851875
1420.9453125,0.19223495370369095
1420.9462890625,0.1924791666666776
1420.947265625,0.19875856481484627
1420.9482421875,0.20452685185185127
1420.94921875,0.20068773148150096
1420.9501953125,0.203488888888889
1420.951171875,0.2008872685185207
1420.9521484375,0.19769652777777233
1420.953125,0.1973444444444554
1420.9541015625,0.1900351851851903
1420.955078125,0.19213680555556087
1420.9560546875,0.19155671296295268
1420.95703125,0.18896180555556055
1420.9580078125,0.19020578703706134
1420.958984375,0.19108495370369147
1420.9599609375,0.19251018518518007
1420.9609375,0.1901273148148026
1420.9619140625,0.1913784722222251
1420.962890625,0.1941032407407295
1420.9638671875,0.20101412037036484
1420.96484375,0.19773287037035767
1420.9658203125,0.19441666666668
1420.966796875,0.2019418981481197
1420.9677734375,0.1975946759259108
1420.96875,0.18824027777780405
1420.9697265625,0.18969027777777517
1420.970703125,0.19177893518516867
1420.9716796875,0.19133564814813794
1420.97265625,0.19429722222223506
1420.9736328125,0.18995671296294686
1420.974609375,0.191765509259225
1420.9755859375,0.19115972222223634
1420.9765625,0.19364675925926378
1420.9775390625,0.19713680555555257
1420.978515625,0.19785902777775888
1420.9794921875,0.19235555555556172
1420.98046875,0.1996206018518326
1420.9814453125,0.19622060185183693
1420.982421875,0.19088402777779873
1420.9833984375,0.1917939814814806
1420.984375,0.18929421296296003
1420.9853515625,0.18516481481482872
1420.986328125,0.18184050925927633
1420.9873046875,0.18291967592590494
1420.98828125,0.18053634259260357
1420.9892578125,0.17688333333332518
1420.990234375,0.18498356481482736
1420.9912109375,0.1858951388888958
1420.9921875,0.19385902777775676
1420.9931640625,0.1903129629629525
1420.994140625,0.19494606481479498
1420.9951171875,0.20069398148148726
1420.99609375,0.1936136574074017
1420.9970703125,0.20297662037039688
1420.998046875,0.19814583333331143
1420.9990234375,0.2735141203703793
1421.0,0.2735141203703793
